results.avg_losses: [9.741168260068383, 2.6082069598624966, 2.108823097650242, 1.8368431956763538, 1.6059987865629075, 1.450462492579448, 1.3560391838744237, 1.2734924082861028, 1.1838507994471843, 1.1374260770897908, 1.075648335325805, 1.0437200007728742, 0.9977413252842817, 0.957228456485724, 0.9279346042605847, 0.9070958791775429, 0.8962013973812538, 0.8689284452716575, 0.8500635435058524, 0.8161387239578225, 0.8103214073640731, 0.7951895796734049, 0.7842911116214918, 0.7698537168553966, 0.7491220927739504] 
results.r2: [0.9114230331634687, 0.9314881145363425, 0.924173141190995, 0.9464094912849492, 0.951039250808243, 0.9506635089811377, 0.9557957346697845, 0.9550686862244584, 0.9535772650170831, 0.9557171882168114, 0.9618407802143497, 0.962616889335177, 0.9593186132982453, 0.9618300341441223, 0.9631089116782912, 0.9616824729317394, 0.9644176920055763, 0.9679421678634118, 0.9656378570617477, 0.9629192643685867, 0.9661736986588516, 0.9604434592334175, 0.9655433943704562, 0.9677181978568337, 0.9681052387075977] 
results.val_rmses: [2.5785923, 1.9944717, 2.20742, 1.5600905, 1.425312, 1.4362504, 1.2868445, 1.30801, 1.3514272, 1.2891312, 1.1108652, 1.0882717, 1.1842889, 1.1111782, 1.0739483, 1.1154739, 1.035848, 0.9332459, 1.0003273, 1.0794692, 0.9847283, 1.1515431, 1.0030773, 0.9397659, 0.9284986] 
min_avg_losses: 0.7491220927739504 | Epoch: 24 
r2: 0.9681052387075977 | Epoch: 24 
val_rmses: 0.9284986257553101 | Epoch: 24 
