results.avg_losses: [33.52127922700261, 8.81450208588591, 7.632836210558999, 6.679741520533022, 6.107623954988876, 5.523946795654747, 5.141056562566532, 4.663617550033443, 4.393534346149777, 4.043885153700721, 3.794698740485704, 3.4612267389331226, 3.1166736175429146, 2.9395762840813062, 2.796107808655163, 2.6576346524903234, 2.498846428827295, 2.3983748271780194, 2.3273801828752148, 2.274365745161502, 2.1661024417376744, 2.154659042837766, 2.1172774105842382, 2.030569458120274, 2.008868977118213, 1.9445627857351078, 1.8887311204073, 1.7989479958167616, 1.7990013415661623, 1.7686396065185654] 
results.r2: [0.6040395064753847, 0.7268696662572093, 0.7748548362019524, 0.7842417848132258, 0.8008824362390458, 0.7709200511969463, 0.7917932582715733, 0.8394372734279554, 0.8491970012327245, 0.859797300723414, 0.8775078416571522, 0.88745960999193, 0.8894981467139623, 0.905820380021243, 0.9007766326829583, 0.906189115821664, 0.9141177691157021, 0.9023742787819573, 0.9175276472021516, 0.9211117552575663, 0.9246755072852031, 0.9224732706288032, 0.9219626852482891, 0.9307015823890006, 0.9263581711536258, 0.9242825163137787, 0.923155248782036, 0.9279477602462106, 0.9314510040409094, 0.936532907249108] 
results.val_rmses: [11.526608, 7.9509606, 6.5540886, 6.2808294, 5.796412, 6.6686316, 6.0610023, 4.674062, 4.3899508, 4.081371, 3.565808, 3.2761068, 3.2167642, 2.7416158, 2.8884418, 2.7308817, 2.5000746, 2.8419337, 2.4008114, 2.2964761, 2.1927338, 2.256842, 2.2717054, 2.0173116, 2.1437504, 2.2041738, 2.2369893, 2.0974767, 1.9954956, 1.8475589] 
min_avg_losses: 1.7686396065185654 | Epoch: 29 
r2: 0.936532907249108 | Epoch: 29 
val_rmses: 1.847558856010437 | Epoch: 29 
