results.avg_losses: [17.228905712967773, 2.1229799544755017, 1.7920104223461646, 1.5463526435336976, 1.4353199163135493, 1.3289712032338359, 1.2441799919911714, 1.1770404755928607, 1.1234381021826334, 1.0679295798587911, 1.0074910687388114, 0.9714968195009344, 0.9351022092590354, 0.8901074553927723, 0.8691404245090935, 0.840288981886686, 0.8143393961044977, 0.7918925307831675, 0.7657539412871285, 0.7338441398697642, 0.706906396382541, 0.6678865915129207, 0.6762290513002367, 0.6550856733518952, 0.6353443710801174, 0.6058397519630644, 0.5996579312947843, 0.5760638558112506, 0.5693448798520104, 0.5403816528618336, 0.5498669171811275, 0.522981504006487, 0.5123682826757431, 0.499274941344025, 0.47726582239540116, 0.4826194948745224, 0.46191797519700145, 0.45537838625176896, 0.4425833751201489, 0.44324334094054857] 
results.r2: [0.9198661667573496, 0.9295045822479452, 0.9397176438192579, 0.9386056147851242, 0.9530913938443548, 0.9532709835946589, 0.9573934133631445, 0.9602465789207022, 0.9570747652937689, 0.9576732527232805, 0.9555574097630556, 0.9616503552031223, 0.9608070360538701, 0.9592756733429134, 0.9569982025782374, 0.9657854648605704, 0.9641832968528027, 0.963247912621677, 0.9600993392206181, 0.9675371382469447, 0.9644742354459608, 0.9659748265267314, 0.968036575224991, 0.9679723248231024, 0.972017374361796, 0.9694805217386391, 0.9696310899107375, 0.9705967721230981, 0.9721663212983648, 0.970467505569518, 0.9684046595283032, 0.9697196416996484, 0.9720519957773804, 0.9736375909991684, 0.9730605162388933, 0.9740847244057632, 0.9678642277448121, 0.9730592667731532, 0.9733928578022346, 0.9746838852808424] 
results.val_rmses: [2.3327363, 2.052157, 1.7548496, 1.7872212, 1.365533, 1.3603051, 1.2402991, 1.1572421, 1.249575, 1.2321528, 1.293746, 1.1163775, 1.1409267, 1.1855056, 1.251804, 0.99600226, 1.0426422, 1.0698718, 1.1615282, 0.9450102, 1.0341728, 0.99048984, 0.93047124, 0.93234164, 0.81458825, 0.88843733, 0.8840542, 0.85594267, 0.8102523, 0.8597057, 0.9197561, 0.88147634, 0.8135804, 0.7674229, 0.7842219, 0.75440663, 0.93548846, 0.7842583, 0.7745472, 0.7369648] 
min_avg_losses: 0.4425833751201489 | Epoch: 38 
r2: 0.9746838852808424 | Epoch: 39 
val_rmses: 0.7369648218154907 | Epoch: 39 
