results.avg_losses: [15.208295674186271, 1.43114338065234, 1.1455081727215142, 0.9999018360140188, 0.8504951640401246, 0.7904419839733614, 0.7636455212913031, 0.6651031032204628, 0.6781435564863232, 0.6568511620726225, 0.6155926593526636, 0.5984795720088032, 0.6045853505016497, 0.6037367651239037, 0.6044292502737832, 0.5527132929004026, 0.5348420140069892, 0.5400906499194087, 0.5459138059180301, 0.5432533858484536, 0.5423417641869132, 0.49507544219915595, 0.4913222675545598, 0.5196136413809825, 0.5361699096507059, 0.5238740670969183, 0.5727299173239548, 0.554385535383843, 0.5515344216822172, 0.5598921957794788, 0.5408632973402316, 0.558118403228527, 0.547820040305971, 0.6057494005118057, 0.6260317977271833, 0.6300738894995653, 0.5715623548676102, 0.5890830054949477, 0.6259537693148233, 0.565509036214987, 0.5882583994348094, 0.5835853031572868, 0.5683450276787692, 0.5471765360742246, 0.5871312517321334, 0.5155381634058255, 0.5176301313529037, 0.5330301124532267, 0.6005158602172193, 0.6031597379630186, 0.597777670059564, 0.5947653917384879, 0.5945715915095412, 0.5871913484807284, 0.5818894678094196, 0.603925138378059, 0.6514743336950833, 0.6291832585133753, 0.5178509210130938, 0.47419752509350765] 
results.r2: [0.9428873503299999, 0.9602936550711098, 0.9618064610895589, 0.9649917635206978, 0.9671975806995634, 0.972324804903478, 0.9691124028226344, 0.9736074550776714, 0.9731003959005532, 0.9733570800900337, 0.9743199769573705, 0.9747953827274063, 0.9728405574147694, 0.9715446020895613, 0.9762799422118055, 0.9738605467539883, 0.9720610495913167, 0.973231360040769, 0.975338535152872, 0.9752591929243266, 0.9758406302960673, 0.9763992496951123, 0.9743135996149338, 0.9734551695026302, 0.9738328572078911, 0.9719445076520727, 0.9724404665463174, 0.9740996671035087, 0.9655244944359764, 0.9718287534379572, 0.9725053455127808, 0.9705232998250131, 0.9549561145597966, 0.9676939430263879, 0.9730725892877037, 0.9740346849157805, 0.9711405431716359, 0.9618474116493233, 0.9692384639596026, 0.9669561380651454, 0.9649914156433694, 0.9654860199218661, 0.9718093265428543, 0.9734870556059795, 0.970191321210819, 0.9733484291889363, 0.9714630513064408, 0.9694428385647269, 0.9722725594374679, 0.9720623565290682, 0.9731427670204306, 0.969196623847934, 0.9722730422425694, 0.9732339640420277, 0.9709509775369357, 0.9725071693447495, 0.9719957442854098, 0.9713359383530734, 0.9730081009938377, 0.973229472432891] 
results.val_rmses: [1.6625779, 1.1558716, 1.111833, 1.0191073, 0.95489484, 0.8056388, 0.8991534, 0.7683002, 0.78306097, 0.77558875, 0.74755836, 0.73371905, 0.790625, 0.8283509, 0.6905027, 0.76093256, 0.8133168, 0.77924854, 0.7179076, 0.7202173, 0.70329136, 0.68702966, 0.747744, 0.77273333, 0.7617386, 0.81670946, 0.80227184, 0.75397164, 1.0035992, 0.820079, 0.8003832, 0.85808146, 1.31125, 0.9404455, 0.7838704, 0.7558633, 0.8401132, 1.110641, 0.89548373, 0.96192336, 1.0191175, 1.0047193, 0.8206446, 0.7718051, 0.8677456, 0.7758406, 0.8307249, 0.8895343, 0.8071597, 0.81327885, 0.7818275, 0.8967017, 0.8071456, 0.7791727, 0.84563166, 0.80033004, 0.81521785, 0.8344252, 0.78574765, 0.7793035] 
min_avg_losses: 0.47419752509350765 | Epoch: 59 
r2: 0.9763992496951123 | Epoch: 21 
val_rmses: 0.6870296597480774 | Epoch: 21 
