results.avg_losses: [16.657103664863783, 2.190072978765897, 1.792419152074265, 1.6010459693394743, 1.4393884598224793, 1.3186509243159923, 1.2229086614793765, 1.1573981850214725, 1.0835464627323848, 1.0199868357687627, 0.9784673799461914, 0.9544373217829556, 0.8877194643161207, 0.857496272568714, 0.8212642874638989, 0.7954300333728206, 0.7665257301743863, 0.7243579964733349, 0.7113735323877267, 0.6878378343329115, 0.6706402572820771, 0.6291143374658137, 0.6111226128449417, 0.5888787547337277, 0.5689862725729088, 0.5655273281283817, 0.5467449343323989, 0.5403039957449403, 0.5085805829087238, 0.4988824679147241, 0.4850464136322152, 0.48270341359641195, 0.455809817301496, 0.4510794048320572, 0.4383198221301976, 0.42537299604418705, 0.41560379067471004, 0.414638477166728, 0.40095856736923724, 0.3836920464130224, 0.3707196535788617, 0.38579724027581935, 0.373911631799672, 0.360665327408966, 0.35420946919904, 0.34334024557984383, 0.3410391014262612, 0.3373369242170088, 0.3332460462273854, 0.33606708971256355, 0.33151540288104203, 0.3233082529262833, 0.321030440754345, 0.3200743788027398, 0.3044825492672763, 0.31512078543738375, 0.3160858447347188, 0.30529275420736873, 0.3067396001784869, 0.31067627396539976] 
results.r2: [0.9004835721596232, 0.934708334142325, 0.9446189127381193, 0.9460911407821818, 0.9525533093625911, 0.9514270271329262, 0.9523327172366565, 0.9580429132611082, 0.9571616300288035, 0.9599246173189973, 0.964184796889582, 0.9652044414522191, 0.9643896273076632, 0.9632493137901855, 0.9654152460967568, 0.9654620847341258, 0.9667231595679293, 0.9669026148544767, 0.9670193154405706, 0.9705817206821241, 0.9715739105204058, 0.9714346537975581, 0.9685073567559733, 0.9708293640039465, 0.9701630095628173, 0.9726191357672178, 0.9715790194878923, 0.9717116149593837, 0.9725872676610418, 0.9715727227850187, 0.9725713122676344, 0.9730341266370359, 0.9750885285866181, 0.9707166562163648, 0.972156641473018, 0.9732384089820646, 0.9750930173569954, 0.9749167520016622, 0.9746519695650762, 0.9726454334773141, 0.9754016517413501, 0.9750060691943357, 0.9750912498401331, 0.9743608235027384, 0.9756637821372336, 0.9756055561300158, 0.9765998906238312, 0.975978417912351, 0.9759421671646639, 0.9760620467715043, 0.9764552417384218, 0.9768493200844531, 0.9736236080723094, 0.9765504163417404, 0.9749752747236312, 0.974633488733775, 0.9756595298740245, 0.9715226014687993, 0.9748492008252078, 0.9757431904679833] 
results.val_rmses: [2.8969731, 1.9006732, 1.6121712, 1.5693139, 1.381197, 1.4139835, 1.3876184, 1.2213918, 1.2470464, 1.1666145, 1.0425985, 1.0129161, 1.0366359, 1.0698308, 1.0067794, 1.005416, 0.9687055, 0.96348137, 0.96008426, 0.8563808, 0.82749766, 0.8315515, 0.91676664, 0.8491719, 0.86856973, 0.79707074, 0.827349, 0.8234891, 0.79799837, 0.8275323, 0.79846287, 0.78499013, 0.72518545, 0.85245275, 0.8105341, 0.77904326, 0.72505474, 0.730186, 0.7378938, 0.7963051, 0.71607023, 0.72758585, 0.7251062, 0.7463693, 0.7084395, 0.71013445, 0.68118894, 0.6992803, 0.70033556, 0.6968458, 0.6853997, 0.6739279, 0.76782995, 0.6826291, 0.72848237, 0.7384318, 0.70856327, 0.82899135, 0.7321524, 0.7061278] 
min_avg_losses: 0.3044825492672763 | Epoch: 54 
r2: 0.9768493200844531 | Epoch: 51 
val_rmses: 0.673927903175354 | Epoch: 51 
