results.avg_losses: [22.962200438076596, 3.8470469937290783, 3.013301872321457, 2.617040051688563, 2.343672642969298, 2.1063271661693195, 1.925287773446092, 1.7758058549098248, 1.6857996272309772, 1.607083356970886, 1.5647518733481192, 1.5064359928498854, 1.4782026684860576, 1.4062627246919668, 1.4179855715975447, 1.349012324382674, 1.341270314304615, 1.2742294737049993, 1.2657659451916532, 1.2195367453514405, 1.24141660526676, 1.1804453784002449, 1.1531782236371964, 1.1497350840917173, 1.118508139280778, 1.1123519489506506, 1.0980471393972073, 1.0856203542284246, 1.063523471320294, 1.0342408738749207] 
results.r2: [0.7981572879267063, 0.8915580037948689, 0.8937864751139686, 0.9057997310749435, 0.9182800748543191, 0.9235557292266419, 0.9218992227301911, 0.9304685940702601, 0.9382799900970787, 0.9369860875772404, 0.9410483562970066, 0.9420173864801259, 0.946659012741934, 0.9497618738538103, 0.9438866026333436, 0.9486157202396258, 0.9512999132252236, 0.9532317376129531, 0.9536192028577577, 0.9569379154383906, 0.9496266972870688, 0.9567478812733234, 0.9565511833197177, 0.9490004375702824, 0.9598948746726432, 0.9552114909713074, 0.9585177983541171, 0.9609546619810253, 0.9590211794514741, 0.960181305034781] 
results.val_rmses: [5.875743, 3.1568007, 3.091929, 2.742217, 2.3789082, 2.2253308, 2.2735527, 2.024094, 1.7967005, 1.8343666, 1.7161119, 1.6879029, 1.5527828, 1.462457, 1.633489, 1.4958221, 1.417684, 1.3614477, 1.3501682, 1.2535589, 1.4663922, 1.2590908, 1.2648168, 1.4846228, 1.1674803, 1.303816, 1.2075677, 1.1366292, 1.192914, 1.1591421] 
min_avg_losses: 1.0342408738749207 | Epoch: 29 
r2: 0.9609546619810253 | Epoch: 27 
val_rmses: 1.1366292238235474 | Epoch: 27 
