results.avg_losses: [14.16606720941809, 3.932988675247948, 3.3271842057974834, 2.9519953483821086, 2.564827462707488, 2.372463407001968, 2.1055172496949726, 1.9465654850287257, 1.7747732755851071, 1.6836982381934265, 1.5321491026512857, 1.5008281474405865, 1.420247512985513, 1.356353392761271, 1.330830454264047, 1.2797235618222436, 1.2303622636170881, 1.1833173544620568, 1.177175646458032, 1.1490102768366066, 1.1086533455213285, 1.0795724771846578, 1.0621910495296965, 1.0453878366722251, 1.0328846314605677, 1.0237167659725221, 1.007551991032823, 0.9840057106653475, 0.9615923561718104, 0.9366617001030805] 
results.r2: [0.8531269469241449, 0.878397083720093, 0.905935125366094, 0.9062158797613202, 0.9209099520406865, 0.9243653269711265, 0.9214890450518386, 0.9233624504951662, 0.9354494271614491, 0.9407479771437652, 0.9466422510691956, 0.9472127068929848, 0.9458261057757442, 0.9401257584685434, 0.9428720712357953, 0.9442608055242242, 0.9569539728449964, 0.9541443546395616, 0.9440077769943379, 0.9566133890143447, 0.9568369490328763, 0.956257771116837, 0.9585979767050905, 0.9587630265553236, 0.9595794262637387, 0.9621011119332478, 0.9616028864933838, 0.9595009207575971, 0.9569368054864672, 0.958241273530226] 
results.val_rmses: [4.275548, 3.5399218, 2.7382755, 2.7301025, 2.302351, 2.2017634, 2.2854934, 2.2309575, 1.8790995, 1.724856, 1.5532707, 1.5366645, 1.5770292, 1.742969, 1.6630226, 1.6225958, 1.2530915, 1.3348808, 1.6299616, 1.263006, 1.256498, 1.2733581, 1.2052337, 1.2004288, 1.1766632, 1.1032556, 1.1177592, 1.1789484, 1.2535911, 1.2156174] 
min_avg_losses: 0.9366617001030805 | Epoch: 29 
r2: 0.9621011119332478 | Epoch: 25 
val_rmses: 1.1032556295394897 | Epoch: 25 
