results.avg_losses: [16.319590875787554, 3.059811050655707, 2.410943546075866, 2.059619066864252, 1.7851393638424715, 1.6008375879517704, 1.470765354976339, 1.4256768583267365, 1.3301097293507378, 1.2639640555207459, 1.1869100464894524, 1.1533644014372015, 1.135860298890269, 1.0880045554196498, 1.0410351347389086, 0.9863439598806062, 0.9732109989303181, 0.937715470277757, 0.9299929553678014, 0.920304083999879, 0.8963017239182626, 0.867701719567742, 0.8900189705685062, 0.8388619943082614, 0.8167407525879032, 0.7973681444196768, 0.7877775306830991, 0.7716198080201756, 0.7361537062721151, 0.740787287228653, 0.749329008147964, 0.7048335802372334, 0.6856942661176875, 0.6611745629389331, 0.6757353754819564, 0.6509469012641963, 0.635846989672139, 0.6307422435297718, 0.6047474916602643, 0.5912207608023342, 0.5806539638600541, 0.5697411833401277, 0.5655761814272067, 0.5467941519259563, 0.5522398843517843, 0.547769739598317, 0.5318418973881118, 0.5279394579313273, 0.5369383829663384, 0.5094648307189346] 
results.r2: [0.8855778245996136, 0.9129725868887737, 0.9232251271065456, 0.9127020644374653, 0.9449007091150361, 0.9447070539771857, 0.9498751953644128, 0.9419793199074298, 0.9512563283395747, 0.9540462596642929, 0.9508907446603369, 0.9276510228144657, 0.9462550822978154, 0.9522478420109785, 0.9562356264356119, 0.9554314643396599, 0.9576113164229074, 0.9424695053572315, 0.9601733951472857, 0.9441924489619832, 0.9622557046218637, 0.9630391652447013, 0.9634363338776489, 0.964241646447613, 0.9615355223312612, 0.9639324520530277, 0.9607265079871159, 0.9627129259121507, 0.9662325431101777, 0.9644116581038594, 0.965007542645688, 0.9664380759393266, 0.9637518056223673, 0.9684783481013013, 0.9672396449820245, 0.9686473383249132, 0.9670464907158727, 0.9677652699551637, 0.9698344482383183, 0.9707192531588676, 0.9687233937533812, 0.968214805742197, 0.9685012622701745, 0.9702622394199659, 0.9707395345087526, 0.9706234511981657, 0.971650917455736, 0.9709839134042305, 0.9714425655536315, 0.9695048811858727] 
results.val_rmses: [3.3308866, 2.5334113, 2.234955, 2.5412865, 1.603968, 1.6096052, 1.4591582, 1.6890111, 1.4189528, 1.3377364, 1.429595, 2.106115, 1.5645415, 1.3900892, 1.2740028, 1.2974124, 1.2339557, 1.6747415, 1.1593723, 1.6245856, 1.0987554, 1.0759485, 1.0643866, 1.0409436, 1.1197202, 1.0499444, 1.1432711, 1.0854454, 0.9829876, 1.0359945, 1.018648, 0.9770044, 1.0552031, 0.9176111, 0.9536704, 0.91269165, 0.9592932, 0.9383691, 0.87813425, 0.85237724, 0.9104777, 0.9252829, 0.916944, 0.8656811, 0.8517868, 0.855166, 0.825256, 0.8446728, 0.83132124, 0.8877282] 
min_avg_losses: 0.5094648307189346 | Epoch: 49 
r2: 0.971650917455736 | Epoch: 46 
val_rmses: 0.8252559900283813 | Epoch: 46 
