results.avg_losses: [23.384081121323245, 3.531560107798509, 2.8936790226203093, 2.529888048093274, 2.258810688920741, 2.079066108757595, 1.9141215155287734, 1.8384516057259632, 1.695231104065787, 1.635706134913665, 1.6140502089880548, 1.5413193198026351, 1.498833820097289, 1.4476925499456108, 1.4393203385525717, 1.406667950383897, 1.3499460474710983, 1.3534649046524516, 1.3142538538448654, 1.2901144487115572, 1.2509608907730512, 1.2401069780495368, 1.2319972636916166, 1.1850127942157243, 1.1617318825620526, 1.170321412061183, 1.1319888179313462, 1.1276553300613503, 1.1106968314017889, 1.084161004663076] 
results.r2: [0.8469876336326672, 0.8900251255429172, 0.9046128417152277, 0.899560929728321, 0.896009899462706, 0.9318375631106741, 0.9309672084328617, 0.9364948557170707, 0.9429978650965765, 0.938824523994719, 0.9360857502443946, 0.9412361118195749, 0.9436578516941867, 0.949768140512304, 0.9489131448680924, 0.9491817364290694, 0.9425719199937564, 0.9525541098306174, 0.9505490936921789, 0.9467104011429219, 0.9536144112621671, 0.9508741187983787, 0.9557682509428004, 0.9572975197972446, 0.958120007448012, 0.9527791016429125, 0.9543629026341053, 0.9572043510515508, 0.9491732261604621, 0.9578907715009217] 
results.val_rmses: [4.4542665, 3.201424, 2.776768, 2.9238317, 3.0272038, 1.9842427, 2.0095792, 1.8486665, 1.6593606, 1.7808489, 1.8605758, 1.7106462, 1.6401482, 1.4622746, 1.4871638, 1.4793451, 1.6717602, 1.3811736, 1.4395406, 1.5512869, 1.3503078, 1.4300791, 1.2876083, 1.2430905, 1.2191476, 1.374624, 1.3285187, 1.2458028, 1.4795928, 1.2258208] 
min_avg_losses: 1.084161004663076 | Epoch: 29 
r2: 0.958120007448012 | Epoch: 24 
val_rmses: 1.2191475629806519 | Epoch: 24 
