results.avg_losses: [23.41505043661257, 2.8698107686245216, 2.1659290829075957, 1.9311580615364157, 1.6428331771970919, 1.5131584345310365, 1.416909081615367, 1.317434912322546, 1.2876206786705637, 1.1777175028650266, 1.0871050653100576, 1.0683772209750595, 0.9977282674034249, 0.9342125222086907, 0.9413516597787164, 0.8365295864430801, 0.8394561520654638, 0.8094223026889112, 0.7585979278146658, 0.7676053882066933, 0.7252682653695064, 0.684211157930066, 0.6800273206787851, 0.6610488961187174, 0.641881284029838, 0.6383931022840288, 0.6102029691116427, 0.6235284974271397, 0.5847423956079303, 0.5872727931600135, 0.5629225768886928, 0.5540406601046616, 0.5629100638916189, 0.5378816522974169, 0.5253107650100061, 0.5211664733635086, 0.509929607569609, 0.5005559923197582, 0.5113244200793078, 0.4968654185463235, 0.49810968122251753, 0.5035941763306564, 0.48112988115622185, 0.488309785804518, 0.4726512133003265, 0.45531353533689706, 0.4500455179761322, 0.4395521872307894, 0.4427304894997264, 0.44915033878301674, 0.44239263570920195, 0.4334352453625849, 0.43335396304621165, 0.4582588359818987, 0.44177796654051765, 0.4328039765111961, 0.43586720124168216, 0.4323952025610883, 0.4231630147856502, 0.4149408824847273] 
results.r2: [0.8939107398299937, 0.8990827460519121, 0.9289602286631443, 0.9323817900192956, 0.9472246562683395, 0.9447232231494915, 0.9463178331865757, 0.9500917760624366, 0.958361659570292, 0.9605994146494864, 0.9577116291685109, 0.9607919605244784, 0.9640330491514071, 0.9653322472406693, 0.9624577697202067, 0.9651057037555761, 0.9669400998850991, 0.9664106634606692, 0.9683574221367135, 0.9631811614388353, 0.9674951371961121, 0.9706564316502869, 0.965956043624395, 0.968385860648993, 0.9718848186015586, 0.9695165704122326, 0.9705962342707039, 0.9689028163245683, 0.968634110717151, 0.9658841483773636, 0.9695582693890084, 0.9699252661230929, 0.9708462319592911, 0.970914883589662, 0.9683525575843626, 0.9726491936982241, 0.9739114625183519, 0.9748323597561044, 0.9736725295403439, 0.973759618549547, 0.9733648700078087, 0.9750207533938453, 0.9748860217081537, 0.9686132915061572, 0.9700079018090896, 0.9694855081431715, 0.9712064774693954, 0.9630347717656189, 0.9668263861545915, 0.9691294997224036, 0.972369515403475, 0.9664116720164875, 0.9744845672125346, 0.9742369740063084, 0.9710851247000678, 0.9724280658533496, 0.9705635354176374, 0.9748216680224502, 0.9726028541427293, 0.9749192249572822] 
results.val_rmses: [3.0883114, 2.9377518, 2.0680032, 1.9683999, 1.5363166, 1.6091347, 1.5627148, 1.4528533, 1.2121129, 1.1469709, 1.2310356, 1.1413656, 1.0470159, 1.0091957, 1.0928731, 1.0157905, 0.96239024, 0.97780246, 0.92113125, 1.0718148, 0.94623286, 0.8542059, 0.9910366, 0.9203034, 0.818447, 0.8873879, 0.85595834, 0.9052546, 0.91307676, 0.9931295, 0.8861741, 0.87549055, 0.8486808, 0.84668225, 0.9212729, 0.7961957, 0.7594504, 0.7326426, 0.7664058, 0.76387066, 0.775362, 0.72715837, 0.7310805, 0.9136828, 0.87308496, 0.8882922, 0.8381939, 1.0760763, 0.96570057, 0.8986558, 0.80433726, 0.977773, 0.7427671, 0.7499746, 0.8417265, 0.8026328, 0.8569102, 0.7329538, 0.7975446, 0.7301139] 
min_avg_losses: 0.4149408824847273 | Epoch: 59 
r2: 0.9750207533938453 | Epoch: 41 
val_rmses: 0.7271583676338196 | Epoch: 41 
