results.avg_losses: [24.646643716040646, 2.8627967476563634, 2.2986523207066196, 1.9501667624374606, 1.7607545962451765, 1.6282015729344117, 1.5759342760550525, 1.4517420727408157, 1.3895254823115637, 1.321170853893712, 1.2883952790484676, 1.2414034721072553, 1.1837189994260389, 1.1175686834766618, 1.0940927530937599, 1.0297437941550085, 1.0284968166559372, 0.9980378334744359, 0.9815148249795695, 0.9482772578116295, 0.9288352505110626, 0.930342238874368, 0.8804829654406826, 0.8712186120309919, 0.8454768022908917, 0.8201812861733279, 0.8137062240321681, 0.792957201867171, 0.7935488018013959, 0.7452095086282154, 0.7489980603656117, 0.7264387462428719, 0.7262300787915318, 0.7203244458602847, 0.6951319674381389, 0.6814273391551566, 0.6697604459481982, 0.6662634003345134, 0.641858667866239, 0.6489887119991318, 0.6275427732546375, 0.6214336762556208, 0.5986257511419508, 0.5907933764019102, 0.5760211959586672, 0.5734787504241433, 0.5583126337601328, 0.5687168738260022, 0.5393268830336209, 0.5411964405644334] 
results.r2: [0.8314882627701897, 0.9229028733944986, 0.9310089050461505, 0.9326953621501495, 0.9411593161572432, 0.9457844182814625, 0.9463945649694887, 0.9340516117506285, 0.9454775770717685, 0.954936098337581, 0.9566178639721785, 0.9570319452352297, 0.9593376273126646, 0.9573372935347484, 0.9605266869895785, 0.9585897408575675, 0.9603042212378547, 0.9607739578833446, 0.9617407056958596, 0.9643175172144665, 0.9657515480018898, 0.9661305493668371, 0.9637863250000431, 0.967216822323937, 0.9669837593685746, 0.9697632589511891, 0.9696180199176443, 0.9663508480928459, 0.9642241014163057, 0.9685265522404998, 0.9690933839887443, 0.969930662247622, 0.9701479803285624, 0.9714105442279526, 0.9715428599338437, 0.9715010412741649, 0.9705039732901238, 0.9704597933382054, 0.9724636492977293, 0.9721469873844413, 0.9732465748961736, 0.9738059284875303, 0.9707034298712462, 0.971931051513536, 0.9737380076778804, 0.9734013245565771, 0.9720329335522326, 0.9739184483140145, 0.9741311494460586, 0.9739794097716721] 
results.val_rmses: [4.9054613, 2.244336, 2.0083652, 1.9592717, 1.7128818, 1.5782427, 1.5604811, 1.9197906, 1.5871751, 1.3118327, 1.2628757, 1.2508217, 1.183702, 1.2419327, 1.1490879, 1.2054734, 1.155564, 1.1418898, 1.1137471, 1.0387349, 0.9969896, 0.9859567, 1.0541983, 0.95433474, 0.9611193, 0.88020664, 0.88443464, 0.97954357, 1.0414543, 0.9162078, 0.8997071, 0.8753334, 0.86900723, 0.83225346, 0.82840157, 0.829619, 0.8586441, 0.8599302, 0.801597, 0.81081516, 0.7788056, 0.7625226, 0.8528378, 0.8171011, 0.7644998, 0.77430075, 0.8141353, 0.75924706, 0.75305516, 0.75747234] 
min_avg_losses: 0.5393268830336209 | Epoch: 48 
r2: 0.9741311494460586 | Epoch: 48 
val_rmses: 0.7530551552772522 | Epoch: 48 
