results.avg_losses: [19.96016679082839, 2.679398539296861, 2.1407522696509678, 1.9335266817431405, 1.7515270181562541, 1.6631788076376015, 1.5796413776728342, 1.4784898305838963, 1.3935052464241688, 1.3104228370594528, 1.2859251684315924, 1.2475051325587732, 1.185628915571098, 1.1450939591271134, 1.1349794175124392, 1.0545831016423004, 1.045628790205942, 1.0133801745953706, 0.9802895068630295, 0.9656260852122082, 0.9402186735480461, 0.9215444890747093, 0.8757788606972065, 0.8850409735415904, 0.8527646582011345, 0.8210379249855595, 0.8164959727944631, 0.7933243573977138, 0.7906162560478134, 0.7601165740557436, 0.7429258505058176, 0.7302675765780908, 0.7343144807050813, 0.7048702541809037, 0.6977577572758749, 0.7114815870194503, 0.6633297773886402, 0.6635968867794804, 0.6474232951003426, 0.6319634459983066, 0.6262735862390332, 0.6193380608451816, 0.592745707662038, 0.5923187847969666, 0.5831310483222862, 0.5831941478446407, 0.5700976544428827, 0.5656036785364432, 0.5500138369371306, 0.5425263502336336] 
results.r2: [0.8968990129874084, 0.9302912228069554, 0.9331297038162101, 0.9334576856694499, 0.943186248988713, 0.9448609118836925, 0.9501464457602672, 0.9485247759591113, 0.9483979680079244, 0.9529738909747651, 0.945861775100573, 0.9574273257493574, 0.9577808281651771, 0.9583275970697988, 0.9616934918782203, 0.9613333271243399, 0.9626467674298524, 0.9647492431864769, 0.9622935655300201, 0.9627772771301345, 0.9649031842120284, 0.9582124352872858, 0.9663768693578872, 0.9644961878771686, 0.9674327089465167, 0.9589746639609137, 0.9659697708446036, 0.9681972581233245, 0.9650988755752501, 0.9599612832941874, 0.9700161978828936, 0.9635114187736438, 0.9630007910167713, 0.9661336660076337, 0.9702097724804777, 0.9718492302706793, 0.966519074895699, 0.970035409236363, 0.9718613581371592, 0.9661019833756288, 0.9695476907461084, 0.9715483412889547, 0.9723606845732012, 0.9733887734645051, 0.9726365320855651, 0.9717904287201784, 0.9718955930551987, 0.9735612960761334, 0.9733708864668577, 0.9734637218031645] 
results.val_rmses: [3.0013216, 2.0292575, 1.9466277, 1.9370801, 1.6538767, 1.6051264, 1.451262, 1.4984695, 1.5021609, 1.3689537, 1.5759909, 1.2393118, 1.2290211, 1.2131045, 1.1151216, 1.1256063, 1.0873712, 1.0261672, 1.0976532, 1.0835721, 1.0216858, 1.216457, 0.9787862, 1.0335338, 0.94805014, 1.1942681, 0.990637, 0.9257937, 1.0159892, 1.1655471, 0.87284344, 1.0622009, 1.0770656, 0.985866, 0.8672085, 0.819483, 0.9746465, 0.87228423, 0.81912994, 0.98678833, 0.88648194, 0.82824206, 0.8045943, 0.77466613, 0.7965642, 0.8211948, 0.81813335, 0.7696439, 0.77518684, 0.7724843] 
min_avg_losses: 0.5425263502336336 | Epoch: 49 
r2: 0.9735612960761334 | Epoch: 47 
val_rmses: 0.7696439027786255 | Epoch: 47 
