results.avg_losses: [49.897607235132526, 3.188365582390776, 2.503431022251552, 2.239204823689641, 2.030863598270236, 1.830268271267414, 1.8010520381185244, 1.6910560464521625, 1.5526965878622712, 1.563846260238931, 1.4720835641588805, 1.423503834360613, 1.386927411072659, 1.351729504117426, 1.2953990170415843, 1.3281067353093399, 1.253538614645038, 1.2260833072669381, 1.2088355166029254, 1.2131833583116531, 1.1197151491875357, 1.1030829888469769, 1.1497958079894197, 1.051053328172497, 1.04559499476597, 1.0182647649269059, 0.9978828309068702, 0.9968780005174988, 0.9291550251180833, 0.9171534376886655, 0.9207995469207472, 0.9156560080301649, 0.8639480873098914, 0.890724233833124, 0.8641814598708221, 0.9109429377992199, 0.8437501563919041, 0.8518084522371866, 0.8403089059481643, 0.8813518992853615, 0.865156952994612, 0.8541297651405605, 0.8289517646479719, 0.8049332814747995, 0.8034831578157983, 0.829569782351829, 0.8301138632491513, 0.7819927690937272, 0.758127246319123, 0.7767034096713618, 0.7498604736378732, 0.7233510518551998, 0.7346529403244549, 0.7284695677072653, 0.7164203453527869, 0.742677390898736, 0.7168255090924367, 0.700988570087642, 0.6827471980157326, 0.6829375864937901] 
results.r2: [0.867849568895403, 0.9096228964250426, 0.9211999076690162, 0.925419981081201, 0.934260365147921, 0.9377326499188784, 0.9391219093041627, 0.9416024243323848, 0.9437770745712395, 0.946293083746507, 0.9381597264340633, 0.9488918261050017, 0.9494112647498067, 0.9523824979875002, 0.9501116984284341, 0.9477468510297554, 0.9498392606639211, 0.936696225874354, 0.9558319274683046, 0.9530055544043339, 0.9541005085167964, 0.9562848208377477, 0.960387327054518, 0.958064977542609, 0.9609110390815414, 0.9592979280809429, 0.9625469127195307, 0.9631175433229997, 0.9625135015684636, 0.962628176917328, 0.9647156788556033, 0.9624189051114361, 0.9645018039932785, 0.9616699462713029, 0.9643370071769676, 0.96351213621015, 0.9645840686775796, 0.9659086170314226, 0.962301772120609, 0.9647897899107359, 0.9643417801481756, 0.9650193474664692, 0.9696057582815015, 0.9681038091428684, 0.9670854841495364, 0.9655880275379525, 0.9679867396967159, 0.9674382342061332, 0.9623452996712418, 0.9687680633812155, 0.9668772958550216, 0.9695141045032614, 0.9713643849730637, 0.9674181510738725, 0.9699567977969371, 0.9656872772093512, 0.9696653341132834, 0.9696257675537748, 0.9675506337525572, 0.9709030708991899] 
results.val_rmses: [3.8469653, 2.6309228, 2.29391, 2.1710618, 1.9137137, 1.8126338, 1.7721916, 1.6999826, 1.6366776, 1.5634351, 1.8002014, 1.4877845, 1.4726635, 1.3861694, 1.4522735, 1.5211153, 1.4602042, 1.8428046, 1.2857547, 1.3680317, 1.3361572, 1.2725707, 1.1531447, 1.2207495, 1.1378993, 1.1848577, 1.0902781, 1.0736669, 1.0912507, 1.0879126, 1.0271443, 1.0940045, 1.0333703, 1.115807, 1.0381676, 1.0621799, 1.0309755, 0.9924172, 1.0974143, 1.0249869, 1.0380286, 1.0183042, 0.8847917, 0.9285141, 0.958158, 1.0017498, 0.9319221, 0.94788927, 1.0961473, 0.90917736, 0.9642185, 0.88745964, 0.83359706, 0.948474, 0.8745727, 0.99886054, 0.88305736, 0.8842091, 0.94461733, 0.84702617] 
min_avg_losses: 0.6827471980157326 | Epoch: 58 
r2: 0.9713643849730637 | Epoch: 52 
val_rmses: 0.8335970640182495 | Epoch: 52 
