results.avg_losses: [17.195222104143983, 1.675192079032367, 1.5425383718508594, 1.227018904123666, 1.367021130988339, 1.2944591280564948, 1.0714348160363032, 1.1078570423190885, 1.3323466950219194, 0.9635126666570047, 0.9970461181523103, 1.058222687631002, 1.1163660563809692, 1.0554641830611904, 1.0653154174674233, 1.0590365316191652, 0.8549413859387333, 0.9471075231033677, 1.1549539501374622, 1.0590714042549425, 0.9576335438509594, 0.8149503650389752, 0.725547105207477, 0.8085910760674555, 0.8542397730193048, 0.9415200926082314, 0.9605623845081285, 0.8985946821224577, 0.8642934929544352, 0.8061389929035081, 0.7631619624512376, 0.7599334697748693, 0.6701835577112605, 0.8936671462612894, 0.8075388556100288, 0.8917228508529798, 0.9493079217537395, 0.8721049675401652, 0.9889029573930322, 0.972405101379977, 1.0088467455521788, 1.057531862797321, 0.9187471373041846, 0.8673294228765199, 0.8531873145263712, 0.7930619636199103, 0.8410579954572724, 0.8200009845478354, 0.7966050862563107, 0.9088074100115952, 1.0484092576815836, 0.9594874857239566, 0.9840187209921907, 1.0189240397990875, 0.8812281009653267, 0.9099706121351359, 0.7789880324155092, 0.8832162590521686, 0.9926950608292279, 0.7255074764760036] 
results.r2: [0.931664309499159, 0.9394516796701993, 0.9585665112094593, 0.952596029178018, 0.9353849084321385, 0.9590547411514949, 0.9574378756400022, 0.9634201852041644, 0.9629976081725543, 0.9648624352446469, 0.9621820505623412, 0.9634352874783443, 0.9603187001344875, 0.9583844007252453, 0.9673412935275114, 0.965062911238996, 0.9650267626583733, 0.969846500168912, 0.9238423880644143, 0.9491709221439175, 0.9595769731382975, 0.9673658200118849, 0.9692453116212604, 0.9683014624122953, 0.963926740689943, 0.9573322309465694, 0.961310031553202, 0.9506163494282291, 0.9488698258903701, 0.961345064871124, 0.9702886737281082, 0.962234237451147, 0.968394462546593, 0.9634511670573148, 0.9694872578952402, 0.9591727671654342, 0.964524067896842, 0.9679152638381, 0.9687300543167272, 0.9589886185311676, 0.9560480033772533, 0.9583380097905826, 0.9572230144864697, 0.9528394135560995, 0.9694584076043006, 0.9661592174958059, 0.9687566984606509, 0.9565365266003911, 0.9689043628345186, 0.9649193185867185, 0.9630712789788877, 0.9557181235563339, 0.9658364977393692, 0.9645180570627807, 0.9621619294668101, 0.961514555339559, 0.9615734684116423, 0.9480947863166255, 0.9579485516085601, 0.9608224515234576] 
results.val_rmses: [1.9892862, 1.7625918, 1.2061496, 1.3799534, 1.8809777, 1.1919369, 1.2390049, 1.0648568, 1.0771581, 1.0228721, 1.1008995, 1.064417, 1.1551425, 1.211451, 0.9507113, 1.0170361, 1.0180885, 0.8777835, 2.2169864, 1.47966, 1.1767344, 0.9499973, 0.8952844, 0.92276025, 1.0501107, 1.24208, 1.1262845, 1.4375827, 1.488425, 1.1252644, 0.86491156, 1.0993804, 0.92005306, 1.0639548, 0.88824123, 1.1885011, 1.0327221, 0.9340028, 0.9102838, 1.1938621, 1.2794647, 1.2128015, 1.2452595, 1.3728683, 0.88908106, 0.98512214, 0.90950817, 1.2652435, 0.9052096, 1.0212163, 1.0750136, 1.2890676, 0.9945167, 1.0328971, 1.1014853, 1.1203306, 1.1186157, 1.5109868, 1.2241387, 1.1404781] 
min_avg_losses: 0.6701835577112605 | Epoch: 32 
r2: 0.9702886737281082 | Epoch: 30 
val_rmses: 0.8649115562438965 | Epoch: 30 
