results.avg_losses: [31.7877619576904, 7.0961805460587986, 4.598433465524664, 3.3444034814553443, 2.998085923000889, 2.579897273739554, 2.2960713449654713, 2.1517447809987473, 2.009826866790371, 1.8416778759011683, 1.7080118328473477, 1.579956897559031, 1.638510506811007, 1.5076062551225131, 1.4328055140966514, 1.343064855629543, 1.2875370237765447, 1.2429791193033726, 1.1863205931729304, 1.181439235679946, 1.1592060929761743, 1.1063289236066476, 1.0782295462376668, 1.1085356195861438, 1.0593841475206163] 
results.r2: [0.6541891056075435, 0.7966596162115526, 0.8689320920255725, 0.8875559917038733, 0.9003490821791538, 0.9116640413778907, 0.9119238062737383, 0.9151738766405392, 0.9277233389536033, 0.9312756628272787, 0.9294954823035513, 0.9349505756030425, 0.9359132538417616, 0.9363819931496987, 0.9412500100492216, 0.9386119391489087, 0.9385429369161966, 0.9279616126714892, 0.9408378982049208, 0.9315112777476211, 0.9468149154173395, 0.94072820680799, 0.9371658383064093, 0.9358250102901444, 0.9319656877091291] 
results.val_rmses: [10.066729, 5.91934, 3.8154526, 3.2733016, 2.9008882, 2.5715036, 2.563942, 2.469331, 2.1040099, 2.0005999, 2.0524218, 1.8936213, 1.8655974, 1.851952, 1.7102417, 1.7870373, 1.7890459, 2.0970736, 1.7222384, 1.993741, 1.5482444, 1.7254316, 1.829134, 1.8681661, 1.9805129] 
min_avg_losses: 1.0593841475206163 | Epoch: 24 
r2: 0.9468149154173395 | Epoch: 20 
val_rmses: 1.5482443571090698 | Epoch: 20 
