results.avg_losses: [20.813618816097954, 2.700951174548212, 2.1134835935847938, 1.8204919625425113, 1.7654559749196161, 1.5104497960715924, 1.4423293860172326, 1.3335749961998102, 1.2470297075667471, 1.1869435141671378, 1.1617082773092782, 1.1160303709360788, 1.0908815264139535, 1.0626593821945618, 0.9781591331059079, 0.9316367202139688, 0.9134458709086449, 0.8781433281189991, 0.8602440130246698, 0.8372857908806148, 0.8397487004972853, 0.7989494572481457, 0.7781783064651602, 0.7525193536724403, 0.7459005693571186, 0.7219865379749604, 0.6900144318505278, 0.6903152812483175, 0.6755519868067975, 0.6640483581865171, 0.6467225003776685, 0.6361294663317923, 0.6151233359468433, 0.6125828367886397, 0.5728755290356448, 0.563642679801527, 0.5553310159804686, 0.5620618187172233, 0.5534816552375285, 0.5169529367976312] 
results.r2: [0.8964101423319909, 0.9280290282047639, 0.933494280820702, 0.9406525561981274, 0.9442763794542927, 0.9470392422024906, 0.9507080560775744, 0.9573208049405891, 0.9560851151063202, 0.9580205548365823, 0.9566051134796556, 0.9509223972460447, 0.9577349870838383, 0.9573372413011283, 0.9619051652913437, 0.9639136174623377, 0.9657984209362809, 0.9678685409179651, 0.9620796343538921, 0.9657429895332389, 0.9680314458168925, 0.96476491009894, 0.9685912068576992, 0.9675918402998578, 0.970377936348177, 0.9709933764710009, 0.9733491313697409, 0.9714450142902599, 0.9746226972672597, 0.9733888450820007, 0.9747661611645513, 0.9719528750601615, 0.9732376546195477, 0.9750871324927708, 0.9764239512956592, 0.9741027855772212, 0.974129681601764, 0.9750738909271631, 0.9725678822082034, 0.974795628618496] 
results.val_rmses: [3.0155525, 2.095111, 1.9360148, 1.7276338, 1.6221426, 1.5417142, 1.4349132, 1.2424128, 1.2783843, 1.2220427, 1.2632468, 1.4286736, 1.2303557, 1.2419342, 1.1089598, 1.0504926, 0.9956251, 0.9353629, 1.1038808, 0.99723876, 0.9306206, 1.025711, 0.9143257, 0.9434178, 0.8623131, 0.8443973, 0.77582014, 0.83124995, 0.738746, 0.77466404, 0.7345697, 0.8164658, 0.77906525, 0.72522604, 0.6863106, 0.7538809, 0.7530979, 0.7256115, 0.7985627, 0.7337119] 
min_avg_losses: 0.5169529367976312 | Epoch: 39 
r2: 0.9764239512956592 | Epoch: 34 
val_rmses: 0.6863105893135071 | Epoch: 34 
